timestamps:
  login: 1452198124473
  lastteleport: 1452199391699
  logout: 1452199764176
ipAddress: 94.213.166.228
lastlocation:
  world: reiUndAlw
  x: 129.9338351952867
  y: 92.08677524757702
  z: -1015.1749176929582
  yaw: 32.891846
  pitch: 49.950024
logoutlocation:
  world: wild
  x: 388.028580734285
  y: 71.0
  z: -21.796749815460416
  yaw: -66.90051
  pitch: 13.050086
