jails: 
  underground: 
    world: world
    x: -196.37556198724113
    y: 8.0
    z: 180.15692517357877
    yaw: -356.3838
    pitch: 10.950222
  publicjail: 
    world: world
    x: -159.30932244302178
    y: 63.0
    z: 168.49263227668698
    yaw: -268.77155
    pitch: 24.300013
