spawns: 
  default: 
    world: world
    x: -203.4770680884165
    y: 146.0
    z: 162.59707234375685
    yaw: 2.5371704
    pitch: 23.060396
  vip: 
    world: Dungeon
    x: 199.5
    y: 132.0
    z: 233.5
    yaw: -0.15159842
    pitch: 60.150005
  newbies: 
    world: world
    x: -203.4770680884165
    y: 146.0
    z: 162.59707234375685
    yaw: 2.5371704
    pitch: 23.060396
