world: reiUndAlw
x: -308.70068744246583
y: 66.0
z: 157.29061100592574
yaw: 97.20117
pitch: 16.500101
name: a
