world: world
x: -208.0431838087575
y: 119.0
z: 215.51750041133567
yaw: 184.78008
pitch: 16.499794
name: airplane
