world: reiUndAlw
x: -582.5606863739985
y: 63.0
z: 155.7384692004799
yaw: -60.744965
pitch: 25.65018
name: b
