world: boat
x: -950.5841937766257
y: 50.0
z: 219.98268197918256
yaw: 90.29779
pitch: -0.44992316
name: boat
