world: testStuff
x: -88.97756112069061
y: 72.0
z: 296.11623670562227
yaw: -79.500084
pitch: 19.949802
name: canon
