world: castle
x: -197.49784473407001
y: 70.0
z: 274.6721051567316
yaw: 92.82817
pitch: 25.459202
name: castle
