world: cruise
x: -58.52305784957249
y: 78.0
z: 29.13759050459837
yaw: 179.5415
pitch: -25.19997
name: cruise
