world: wedit
x: -185.38057678254555
y: 117.0
z: 261.3106554154428
yaw: -187.20125
pitch: 70.35007
name: Dung
