world: Dungeon
x: 199.44020841593655
y: 132.0
z: 233.7114989135284
yaw: 0.7500012
pitch: 73.35006
name: Dungeon
