world: eline
x: -115.26768834675259
y: 67.0
z: 202.3219860366895
yaw: -87.3
pitch: 14.999994
name: eline
