world: world
x: -173.85468583589963
y: 64.5
z: 195.50317298658578
yaw: 89.42986
pitch: 6.4444833
name: exitvip
