world: game
x: -59.56462745941912
y: 101.0
z: 252.3462653356611
yaw: -21.149893
pitch: 75.75003
name: game
