world: world
x: -195.8697267351882
y: 65.0
z: 59.945742106771874
yaw: -89.152695
pitch: 19.105917
name: houses
