world: ImperialCity
x: -403.5
y: 20.0
z: 637.5
yaw: 0.74999684
pitch: 21.900045
name: ImperialCity
