world: MarioKart
x: 1622.7483351674996
y: 57.0
z: 103.8809474180025
yaw: 175.79921
pitch: 10.500319
name: MarioKart
