world: world
x: -1205.5055338725288
y: 164.0
z: -91.48252113865442
yaw: 0.6296251
pitch: 11.468214
name: market
