world: pvp
x: -250.39460381676588
y: 72.0
z: 104.66516637442807
yaw: 266.84943
pitch: 10.649944
name: pvp
