world: pvp
x: -250.61000803603838
y: 66.0
z: 162.65240990186246
yaw: -179.40012
pitch: 9.150049
name: pvpLounge
