world: world
x: -195.49834070740425
y: 65.0
z: 164.98434653215645
yaw: 178.16878
pitch: 27.918732
name: shops
