world: world
x: -153.08002795464228
y: 66.0
z: 111.68642115488628
yaw: 267.18164
pitch: -77.100044
name: tree
