world: vbuild
x: -357.3237348215403
y: 84.0
z: 272.30000001192093
yaw: 180.45088
pitch: 1.6499592
name: vbuild
