world: world
x: -168.69999998807907
y: 67.0
z: 195.57388326804264
yaw: -91.470215
pitch: 8.844471
name: vip
