world: world
x: -139.75158398980582
y: 114.5
z: 111.55493750398884
yaw: 271.69263
pitch: 15.450063
name: vTree
