world: pvp
x: -249.50500580319203
y: 140.20000004768372
z: -116.55448702722403
yaw: 92.69959
pitch: 64.50001
name: WalkGame
