world: world
x: -192.0971269646035
y: 72.0
z: 137.48855943977833
yaw: 93.56587
pitch: 18.322573
name: warps
