world: wild
x: 63.50523847105322
y: 64.0
z: 84.54543008064971
yaw: -180.89754
pitch: 22.649984
name: wild
