world: wild1
x: -193.16399357402452
y: 93.0
z: 279.3150852400407
yaw: -88.947586
pitch: 26.70009
name: wild1
